1 49
2 21
3 94
4 45
5 21
7 39
8 88
9 81
10 10
11 47
12 59
13 69
14 29
15 47
16 29
17 49
19 44
20 99
21 1
22 44
23 52
24 27
25 49
26 69
27 47
28 10
29 4
30 21
31 21
32 49
33 1
35 27
36 75
37 27
38 47
39 40
40 41
41 82
42 1
43 46
44 7
45 75
47 49
48 45
49 21
50 69
52 14
53 10
54 89
55 47
57 47
59 59
60 57
61 27
62 81
65 99
66 21
67 41
68 92
70 89
72 70
73 47
74 1
75 14
76 8
77 65
78 89
80 35
81 50
82 99
83 47
84 69
85 76
86 14
87 44
88 40
90 69
91 70
92 14
93 63
94 10
95 4
96 47
97 10
98 21
99 44
100 47
43234 39
